image: map_ps.pgm
resolution: 0.100000
origin: [-109.313745, -142.887524, 0.000000]
negate: 0
occupied_thresh: 0.65
free_thresh: 0.196

