lat: 31.2846307995
lon: 121.17841426
yaw: 0

